Application	Display Factory Calibration Tool 2.26.15
Date	2030-02-02 11:45:20
DisplayManufacturerId	TMA
DisplayProductCode	2039
DisplaySerialNumber	
ComputerSerialNumber	INVALID
ComputerName	INVALID
Type	 Quality report
Initial Path Set	11
Iterative Grid Points	4

ProfileName	DisplayP3
Whitepoint	D65
Gamma	sRGB
Target Luminosity	162.28
Internal LUTs	false
Contrast Ratio	0
MHC2 Profile	true

RGB Normalized Target
0 0.000725155 0
28 0.0112837 0.00775103
48 0.0298329 0.0253713
51 0.0341425 0.0289912
71 0.0665986 0.0600316
83 0.0896289 0.0846415
94 0.112911 0.111299
119 0.182777 0.186989
121 0.192397 0.193972
145 0.285347 0.288816
160 0.351819 0.358654
171 0.407187 0.415148
198 0.564994 0.573159
201 0.584721 0.592438
226 0.760295 0.766744
255 1 1

### Quality section (deltaE) ###
dE2000 mean = 0.388367
dE2000 max  = 1.11667 at RGB = (0 0 0)

R	G	B	dE2000
110	82	69	0.752953
202	126	62	0.639229
50	59	147	0.832318
245	244	238	0.36386
189	153	134	0.275015
75	92	162	0.228894
91	146	77	0.247486
201	201	201	0.272308
99	122	154	0.470447
182	93	102	0.188191
159	56	61	0.550166
160	160	160	0.378507
95	108	70	0.536952
85	60	103	1.02857
228	197	72	0.242475
121	122	121	0.35691
130	128	172	0.0695899
164	184	82	0.235215
173	89	146	0.191064
83	84	84	0.207829
120	186	168	0.224254
217	161	71	0.364654
34	131	160	0.133601
51	51	52	0.436262
0	0	0	1.11667
28	27	28	0.315256
48	48	48	0.132139
71	71	71	0.703349
94	94	94	0.178642
119	119	119	0.289095
145	145	145	0.381838
171	171	171	0.19843
198	198	198	0.222568
226	226	226	0.43974
255	255	255	0
--------------------
255	0	0	0.285611
0	255	0	0.389137
0	0	255	0.381147

  R    G    B      X         Y         Z         Y         x         y              
  110   82   69   17.7956   16.1196   11.2043   16.1196   0.39441  0.357265         
  202  126   62    56.558   45.4308   10.1461   45.4308  0.504375  0.405144         
   50   59  147   13.9377   10.1942   49.6038   10.1942  0.189022  0.138254         
  245  244  238     137.3   145.135   150.181   145.135  0.317371  0.335483         
  189  153  134    61.037   57.3407   42.7822   57.3407  0.378736    0.3558         
   75   92  162   21.7243   19.1757   61.2442   19.1757  0.212683  0.187732         
   91  146   77   22.9958   36.9394   14.9383   36.9394  0.307129  0.493357         
  201  201  201   89.0953   93.7473    102.23   93.7473  0.312535  0.328854         
   99  122  154   28.3368    30.167   55.9106    30.167  0.247668  0.263664         
  182   93  102    45.486   31.1635   23.1406   31.1635  0.455817  0.312291         
  159   56   61   30.4057   17.9822   8.63841   17.9822  0.533187  0.315332         
  160  160  160   53.5628   56.4066   61.4046   56.4066  0.312549  0.329143         
   95  108   70   17.4347   21.6895    11.871   21.6895   0.34189  0.425324         
   85   60  103   13.6197   10.5604   23.1692   10.5604  0.287644  0.223032         
  228  197   72   86.4151   91.3215   15.4306   91.3215  0.447359  0.472759         
  121  122  121   29.0771   30.8466   33.3026   30.8466  0.311898  0.330879         
  130  128  172   39.9461   37.5427   70.8424   37.5427  0.269303    0.2531         
  164  184   82   52.2115   68.1282   17.9908   68.1282   0.37744  0.492503         
  173   89  146    46.123    30.236   49.3951    30.236  0.366771  0.240437         
   83   84   84   13.5834   14.3701   15.7866   14.3701  0.310548  0.328533         
  120  186  168   47.9345   66.4245   69.1591   66.4245  0.261198  0.361951         
  217  161   71   71.7819   66.0723   13.7231   66.0723  0.473566  0.435898         
   34  131  160   22.0443   30.2594    60.394   30.2594  0.195606    0.2685         
   51   51   52   5.25244     5.474   6.23596     5.474  0.309652  0.322714         
    0    0    0   0.13045  0.116263  0.212557  0.116263  0.284037  0.253148         
   28   27   28   1.75419    1.8091   2.08918    1.8091   0.31034  0.320055         
   48   48   48   4.56878   4.78305   5.23869   4.78305  0.313133  0.327819         
   71   71   71   10.1385   10.6776   11.5859   10.6776  0.312898  0.329536         
   94   94   94   17.2179   18.1028   19.6904   18.1028   0.31299  0.329075         
  119  119  119   27.8799   29.3043   32.0674   29.3043  0.312374  0.328334         
  145  145  145   43.4464   45.7493   50.0113   45.7493  0.312099  0.328642         
  171  171  171   62.0544   65.2837   71.2658   65.2837  0.312453  0.328713         
  198  198  198   86.1106   90.5845   98.7983   90.5845  0.312569  0.328808         
  226  226  226   115.769   121.897   132.669   121.897  0.312607  0.329153         
  255  255  255   152.564   160.328   174.796   160.328  0.312831  0.328752         
  255    0    0   78.6142   37.1302  0.343319   37.1302  0.677197  0.319846         
    0  255    0   43.1452   111.489   8.03836   111.489  0.265227  0.685359         
    0    0  255    31.525    12.404   166.802    12.404  0.149598  0.058862         
