Application	Display Factory Calibration Tool 2.26.15
Date	2030-02-02 11:44:50
DisplayManufacturerId	TMA
DisplayProductCode	2039
DisplaySerialNumber	
ComputerSerialNumber	INVALID
ComputerName	INVALID
Type	 Quality report
Initial Path Set	11
Iterative Grid Points	4

ProfileName	Native
Whitepoint	D65
Gamma	Native
Target Luminosity	162.28
Internal LUTs	false
Contrast Ratio	0
MHC2 Profile	false

RGB Normalized Target
0 0.000711919 0
29 0.00800384 0.00837312
49 0.0255476 0.0265487
52 0.030103 0.0302565
71 0.0641269 0.0600316
83 0.0893445 0.0846415
94 0.114344 0.111299
119 0.191758 0.186989
121 0.202553 0.193972
144 0.291645 0.284452
159 0.354638 0.353741
170 0.409414 0.409826
198 0.566783 0.573159
201 0.586637 0.592438
226 0.764888 0.766744
255 1 1

### Quality section (deltaE) ###
dE2000 mean = 1.2867
dE2000 max  = 2.37292 at RGB = (43 131 159)

R	G	B	dE2000
109	83	70	0.861413
200	125	62	1.54336
55	61	147	0.290928
246	244	238	1.05711
187	152	134	1.09099
79	93	161	0.574206
90	146	77	0.937112
201	201	200	1.74174
101	122	154	1.81926
180	92	102	0.668818
157	56	61	0.564899
159	159	160	1.91333
94	107	70	0.83924
85	61	103	0.623492
225	196	71	0.329191
121	122	121	2.20745
131	129	171	1.94509
162	183	81	0.417509
173	89	146	0.475196
83	84	84	1.25075
120	186	167	1.2859
214	160	70	0.46912
43	131	159	2.37292
52	52	53	1.1794
0	0	0	1.12799
29	29	29	2.00651
49	49	49	1.44493
71	71	71	1.40822
94	94	94	1.58644
119	119	119	2.22645
144	144	144	2.07353
170	170	170	2.10317
198	198	198	1.7601
226	226	226	1.55199
255	255	255	0
--------------------
255	0	0	0.412154
0	255	0	0.111059
0	0	255	0.192385

  R    G    B      X         Y         Z         Y         x         y              
  109   83   70   18.3291    16.664    10.557    16.664  0.402394  0.365839         
  200  125   62   57.9369   47.3883   9.28977   47.3883  0.505492  0.413456         
   55   61  147   13.4571   9.73675   48.6563   9.73675  0.187295  0.135515         
  246  244  238   140.585   148.654   148.346   148.654  0.321275  0.339714         
  187  152  134    62.231   58.9422   42.7068   58.9422  0.379735  0.359667         
   79   93  161   21.6866   19.6006   58.9222   19.6006  0.216412  0.195597         
   90  146   77   23.7717    38.894   14.4489    38.894  0.308264  0.504366         
  201  201  200   90.2197   95.5088   98.1453   95.5088  0.317816  0.336448         
  101  122  154    29.298   31.9176   54.8121   31.9176  0.252508  0.275086         
  180   92  102   46.1364   31.5596   22.7205   31.5596   0.45945  0.314287         
  157   56   61   30.6552   17.6913   7.50537   17.6913  0.548866  0.316754         
  159  159  160   54.5114   57.7376   60.3824   57.7376  0.315768  0.334456         
   94  107   70    17.671   22.2619   11.0091   22.2619  0.346885  0.437004         
   85   61  103   13.3785   10.1396   22.4472   10.1396  0.291056  0.220593         
  225  196   71   87.6488   92.8904   14.7492   92.8904  0.448817  0.475658         
  121  122  121   30.7635    32.977   33.2487    32.977  0.317185  0.340007         
  131  129  171   41.3095   39.9566   67.9223   39.9566  0.276895  0.267826         
  162  183   81   53.3105   69.6232   17.2187   69.6232  0.380375  0.496767         
  173   89  146    47.317   30.9762   48.6626   30.9762  0.372705  0.243992         
   83   84   84   13.6099   14.5459   15.0871   14.5459   0.31473  0.336377         
  120  186  167   48.9011   68.1656   66.6301   68.1656  0.266206  0.371076         
  214  160   70   72.8264   67.7551   12.8328   67.7551  0.474704  0.441648         
   43  131  159   22.1613   31.6813   58.4925   31.6813  0.197279  0.282025         
   52   52   53   4.68405   4.90098   5.24737   4.90098  0.315798  0.330424         
    0    0    0  0.130409  0.115906  0.212775  0.115906  0.284059  0.252469         
   29   29   29   1.26729   1.30308   1.40337   1.30308  0.318915  0.327923         
   49   49   49   3.96261   4.15933   4.28552   4.15933  0.319373  0.335228         
   71   71   71    9.8281   10.4403    10.666   10.4403  0.317707  0.337498         
   94   94   94    17.527   18.6161   19.0752   18.6161  0.317413  0.337136         
  119  119  119   29.3339   31.2196   31.8166   31.2196  0.317569  0.337984         
  144  144  144   44.6936   47.4819   48.9149   47.4819  0.316773  0.336535         
  170  170  170   62.8199   66.6555   68.5905   66.6555  0.317167  0.336532         
  198  198  198   87.2375   92.2763   95.7916   92.2763  0.316875  0.335178         
  226  226  226   117.881   124.529   130.154   124.529  0.316404   0.33425         
  255  255  255   154.053   162.807   174.718   162.807  0.313385  0.331192         
  255    0    0     80.51   38.0236  0.345836   38.0236   0.67724   0.31985         
    0  255    0   44.0777   113.969   8.21184   113.969  0.265115  0.685493         
    0    0  255   29.7619   10.9828    166.51   10.9828  0.143601  0.052992         
