Application	Display Factory Calibration Tool 2.26.15
Date	2030-02-02 11:45:50
DisplayManufacturerId	TMA
DisplayProductCode	2039
DisplaySerialNumber	
ComputerSerialNumber	INVALID
ComputerName	INVALID
Type	 Quality report
Initial Path Set	11
Iterative Grid Points	4

ProfileName	sRGB
Whitepoint	D65
Gamma	sRGB
Target Luminosity	162.28
Internal LUTs	false
Contrast Ratio	0
MHC2 Profile	true

RGB Normalized Target
0 0.000721911 0
28 0.0112867 0.00775103
48 0.029848 0.0253713
51 0.0341253 0.0289912
71 0.066636 0.0600316
83 0.0898094 0.0846415
94 0.113015 0.111299
119 0.182936 0.186989
121 0.192119 0.193972
145 0.285586 0.288816
160 0.352227 0.358654
171 0.407558 0.415148
198 0.565114 0.573159
201 0.585017 0.592438
226 0.760486 0.766744
255 1 1

### Quality section (deltaE) ###
dE2000 mean = 0.391598
dE2000 max  = 1.13282 at RGB = (0 0 0)

R	G	B	dE2000
115	81	67	0.779801
215	121	44	0.496436
48	60	152	0.903867
246	243	237	0.293618
195	151	131	0.228476
71	92	167	0.264915
71	148	67	0.236379
201	201	201	0.279851
93	122	157	0.43159
195	86	100	0.141422
172	45	57	0.609248
160	160	160	0.267672
92	108	65	0.598945
89	59	106	1.04999
234	196	28	0.217197
121	122	121	0.405893
131	128	175	0.0927674
159	185	62	0.263349
186	83	149	0.203334
83	84	84	0.231655
97	189	167	0.15644
227	158	46	0.378848
0	134	163	0.305968
51	51	52	0.351112
0	0	0	1.13282
28	27	28	0.387555
48	48	48	0.213351
71	71	71	0.696231
94	94	94	0.179714
119	119	119	0.291478
145	145	145	0.389137
171	171	171	0.164277
198	198	198	0.195624
226	226	226	0.475381
255	255	255	0
--------------------
255	0	0	0.143268
0	255	0	0.202996
0	0	255	0.16725

  R    G    B      X         Y         Z         Y         x         y              
  115   81   67    17.777   16.1567   11.2844   16.1567  0.393139  0.357306         
  215  121   44   56.6439   45.3358   10.0422   45.3358   0.50565  0.404704         
   48   60  152   13.9743   10.3333   49.3439   10.3333  0.189736    0.1403         
  246  243  237   137.176   144.385   149.659   144.385  0.318112  0.334828         
  195  151  131   60.5945   56.9459   42.8512   56.9459  0.377791  0.355043         
   71   92  167   21.7751     19.15   61.3526     19.15  0.212902  0.187235         
   71  148   67   23.0113   37.0825   14.7784   37.0825  0.307341  0.495278         
  201  201  201   89.1568   93.8307   102.365   93.8307  0.312445  0.328824         
   93  122  157   28.2417   29.8952   55.9507   29.8952  0.247544  0.262038         
  195   86  100   45.2081   30.9109   23.0759   30.9109   0.45575  0.311618         
  172   45   57   30.1497   17.8347   8.60308   17.8347  0.532798  0.315171         
  160  160  160   53.6703   56.4936   61.5034   56.4936  0.312641  0.329088         
   92  108   65    17.378   21.5279   11.8143   21.5279  0.342624  0.424445         
   89   59  106   13.5437    10.565   23.3067    10.565  0.285639  0.222817         
  234  196   28   86.4865   91.5126   15.3498   91.5126  0.447308  0.473303         
  121  122  121   29.1654    30.814   33.4987    30.814  0.312003  0.329638         
  131  128  175   39.9622   37.5801   70.5265   37.5801  0.269889  0.253802         
  159  185   62   52.3084   68.3472   18.0276   68.3472  0.377179  0.492829         
  186   83  149    46.312   30.3328   49.6223   30.3328  0.366778  0.240228         
   83   84   84   13.6332   14.4045   15.8087   14.4045   0.31093  0.328522         
   97  189  167   48.1549   66.9262   69.0329   66.9262  0.261549  0.363504         
  227  158   46   71.7603   66.0198   13.5725   66.0198  0.474127  0.436199         
    0  134  163   24.6656   31.9149   60.6205   31.9149  0.210456  0.272309         
   51   51   52   5.24492   5.47335    6.1859   5.47335  0.310274  0.323787         
    0    0    0  0.130431  0.115787  0.213013  0.115787   0.28402  0.252133         
   28   27   28   1.75454   1.81028    2.0922   1.81028  0.310152  0.320006         
   48   48   48   4.57555   4.78732    5.2503   4.78732  0.313111  0.327603         
   71   71   71   10.1487   10.6877   11.6076   10.6877  0.312806  0.329421         
   94   94   94   17.2399   18.1264   19.7314   18.1264  0.312897  0.328987         
  119  119  119    27.919   29.3411   32.1286   29.3411  0.312333  0.328242         
  145  145  145   43.4955   45.8051   50.0968   45.8051  0.312025  0.328594         
  171  171  171   62.1464   65.3681   71.3885   65.3681  0.312446  0.328643         
  198  198  198    86.163   90.6384   98.9146   90.6384  0.312506  0.328738         
  226  226  226    115.81   121.974   132.589   121.974  0.312684  0.329328         
  255  255  255   152.594    160.39     174.8    160.39  0.312831  0.328813         
  255    0    0   65.9292   34.0215   3.06522   34.0215  0.639991  0.330255         
    0  255    0   57.4432   115.054    19.564   115.054  0.299088  0.599049         
    0    0  255   28.9019   11.4556    153.08   11.4556  0.149412  0.059221         
