Application	Display Factory Calibration Tool 2.26.15
Date	2030-02-02 11:46:13
DisplayManufacturerId	TMA
DisplayProductCode	2039
DisplaySerialNumber	
ComputerSerialNumber	INVALID
ComputerName	INVALID
Type	 Quality report
Initial Path Set	11
Iterative Grid Points	4

ProfileName	Default
Whitepoint	D65
Gamma	2.2
Target Luminosity	162.28
Internal LUTs	false
Contrast Ratio	0
MHC2 Profile	false

RGB Normalized Target
0 0.000719899 0
17 0.00343445 0.00258583
34 0.0119537 0.0118813
51 0.029016 0.0289912
68 0.0575117 0.0545923
85 0.0904628 0.0891935
102 0.133434 0.133209
119 0.184725 0.186989
136 0.251489 0.25084
153 0.326624 0.325037
170 0.411525 0.409826
187 0.505535 0.505432
204 0.611388 0.612066
221 0.732279 0.729919
238 0.861881 0.859174
255 1 1

### Quality section (deltaE) ###
dE2000 mean = 0.438873
dE2000 max  = 1.24277 at RGB = (51 51 51)

R	G	B	dE2000
0	0	0	0.0027967
17	17	17	0.439272
34	34	34	0.701884
51	51	51	1.24277
68	68	68	0.484907
85	85	85	0.362456
102	102	102	0.223627
119	119	119	0.45472
136	136	136	0.570797
153	153	153	0.375385
170	170	170	0.162774
187	187	187	0.120727
204	204	204	0.649411
221	221	221	0.580272
238	238	238	0.211295
255	255	255	0.198852

  R    G    B      X         Y         Z         Y         x         y              
    0    0    0  0.130126  0.115907  0.212392  0.115907  0.283855  0.252837         
   17   17   17  0.549185  0.552959  0.680676  0.552959  0.308043   0.31016         
   34   34   34   1.81978   1.92458   2.07471   1.92458  0.312727  0.330737         
   51   51   51   4.49841   4.67169   5.25551   4.67169  0.311835  0.323847         
   68   68   68   8.78548    9.2596   10.0098    9.2596  0.313154  0.330053         
   85   85   85   13.8775   14.5649   15.8363   14.5649  0.313413  0.328936         
  102  102  102   20.3724   21.4835   23.3179   21.4835  0.312586  0.329634         
  119  119  119   28.2184   29.7414   32.5692   29.7414  0.311706  0.328529         
  136  136  136   38.4545   40.4906   44.6402   40.4906  0.311158  0.327633         
  153  153  153   49.9479   52.5877   57.6513   52.5877   0.31181   0.32829         
  170  170  170   62.9177   66.2571   72.2584   66.2571   0.31235  0.328929         
  187  187  187   77.3324   81.3931   88.6891   81.3931  0.312562  0.328974         
  204  204  204   93.7576   98.4358   107.599   98.4358  0.312742  0.328347         
  221  221  221   111.712     117.9   127.784     117.9  0.312573  0.329885         
  238  238  238   131.699   138.766   151.061   138.766  0.312433  0.329199         
  255  255  255   152.926   161.004   175.089   161.004  0.312721  0.329238         
  255    0    0   79.8613   37.7188   0.34547   37.7188  0.677218  0.319853         
    0  255    0    43.534   112.506   8.10624   112.506  0.265214  0.685402         
    0    0  255   29.8483   11.0106   167.003   11.0106  0.143596 0.0529708         
