Application	Display Factory Calibration Tool 2.26.15
Date	2030-02-02 11:45:05
DisplayManufacturerId	TMA
DisplayProductCode	2039
DisplaySerialNumber	
ComputerSerialNumber	INVALID
ComputerName	INVALID
Type	 Quality report
Initial Path Set	11
Iterative Grid Points	4

ProfileName	AdobeRGB
Whitepoint	D65
Gamma	2.2
Target Luminosity	162.28
Internal LUTs	false
Contrast Ratio	287.9
MHC2 Profile	true

RGB Normalized Target
0 0.000721094 0
33 0.0138588 0.0111261
52 0.0337616 0.0302565
54 0.0367372 0.0328759
72 0.0678183 0.0619075
84 0.0921702 0.0869013
95 0.116723 0.113921
118 0.183991 0.183549
120 0.193203 0.190463
143 0.283728 0.280124
159 0.354843 0.353741
170 0.410705 0.409826
197 0.567747 0.56681
200 0.585334 0.585973
226 0.764579 0.766744
255 1 1

### Quality section (deltaE) ###
dE2000 mean = 0.555558
dE2000 max  = 1.42342 at RGB = (83 61 104)

R	G	B	dE2000
107	82	69	0.893615
193	120	54	0.72093
55	62	148	1.30181
245	243	237	0.189594
183	149	131	0.213304
79	93	163	0.561878
101	147	74	0.576726
200	200	199	0.0660787
103	122	154	0.595232
171	87	100	0.292947
148	49	59	0.881057
159	159	159	0.149976
97	108	69	0.879478
83	61	104	1.42342
223	194	55	0.202198
120	121	121	0.269506
129	127	172	0.168768
166	184	74	0.308627
164	84	146	0.254376
84	85	85	0.585465
130	187	166	0.31403
209	157	59	0.506755
62	133	160	0.576308
54	54	55	1.00452
0	0	0	1.12308
33	33	33	1.27257
52	52	52	0.963745
72	72	72	1.16483
95	95	95	0.470651
118	118	118	0.119324
143	143	143	0.372763
170	170	170	0.152486
197	197	197	0.174202
226	226	226	0.138706
255	255	255	0
--------------------
255	0	0	3.74542
0	255	0	5.12926
0	0	255	0.530968

  R    G    B      X         Y         Z         Y         x         y              
  107   82   69   18.1563   16.4667   11.3898   16.4667  0.394593  0.357872         
  193  120   54   56.3052    44.858   9.99181    44.858  0.506547  0.403563         
   55   62  148   14.4017   10.7014   49.5508   10.7014  0.192912  0.143347         
  245  243  237   137.266   144.566   149.764   144.566  0.318043  0.334956         
  183  149  131   60.7642    56.788   42.8069    56.788  0.378925   0.35413         
   79   93  163   22.1266    19.664   61.3548    19.664  0.214518  0.190644         
  101  147   74   23.5904   37.8357   15.2859   37.8357  0.307519  0.493218         
  200  200  199    89.244   93.9802   101.438   93.9802  0.313509  0.330147         
  103  122  154   28.8819   30.6822    56.037   30.6822  0.249841  0.265415         
  171   87  100    44.769   30.5279   23.0677   30.5279  0.455134  0.310355         
  148   49   59   29.9124    17.521   8.47477    17.521  0.535028  0.313388         
  159  159  159   54.1648    56.973   62.1562    56.973   0.31256  0.328765         
   97  108   69   17.8071   22.0478   12.1501   22.0478  0.342411  0.423955         
   83   61  104   13.9229   10.8757    23.485   10.8757  0.288356  0.225246         
  223  194   55   86.0544   90.8348   15.2068   90.8348  0.447976  0.472861         
  120  121  121    29.325   31.0204   34.1677   31.0204  0.310275  0.328212         
  129  127  172   40.1984   37.8358   70.8079   37.8358  0.270074  0.254201         
  166  184   74   52.8688   69.0128   18.2639   69.0128  0.377242  0.492437         
  164   84  146   46.3264   30.2117   49.6304   30.2117  0.367179  0.239455         
   84   85   85    13.933   14.7987   16.2248   14.7987  0.309921  0.329179         
  130  187  166     48.34   67.2425   69.1364   67.2425  0.261695  0.364026         
  209  157   59   71.3855   65.7697   13.2859   65.7697  0.474508  0.437179         
   62  133  160   22.7482   31.2993   60.5725   31.2993  0.198466   0.27307         
   54   54   55   5.64461   5.89847   6.70653   5.89847    0.3093  0.323211         
    0    0    0  0.130072  0.115778  0.212242  0.115778  0.283943  0.252739         
   33   33   33   2.10604   2.22515   2.43282   2.22515   0.31136  0.328969         
   52   52   52   5.13585   5.42071   5.87622   5.42071  0.312537  0.329872         
   72   72   72   10.3092   10.8888   11.8035   10.8888  0.312386  0.329949         
   95   95   95   17.8285   18.7409   20.4809   18.7409  0.312504  0.328498         
  118  118  118   28.0663   29.5414   32.2074   29.5414   0.31249  0.328913         
  143  143  143   43.2993    45.555   49.8587    45.555  0.312151  0.328412         
  170  170  170   62.7058   65.9421   71.9231   65.9421  0.312637  0.328772         
  197  197  197   86.6468   91.1565   99.4621   91.1565  0.312505   0.32877         
  226  226  226   116.711    122.76   133.849    122.76   0.31263  0.328832         
  255  255  255    152.64   160.558   174.714   160.558  0.312843  0.329073         
  255    0    0   81.8361   41.1907   2.35814   41.1907  0.652679  0.328514         
    0  255    0   42.6539   108.557   11.9029   108.557  0.261498  0.665529         
    0    0  255   30.1433   11.7393   160.207   11.7393  0.149158 0.0580894         
