Application	Display Factory Calibration Tool 2.26.15
Date	2030-02-02 11:46:05
DisplayManufacturerId	TMA
DisplayProductCode	2039
DisplaySerialNumber	
ComputerSerialNumber	INVALID
ComputerName	INVALID
Type	 Quality report
Initial Path Set	11
Iterative Grid Points	4

ProfileName	REC709
Whitepoint	D65
Gamma	BT.1886
Target Luminosity	162.28
Internal LUTs	false
Contrast Ratio	0
MHC2 Profile	true

RGB Normalized Target
0 0.000724582 0
30 0.0113528 0.00588023
49 0.0304867 0.0190886
52 0.0339403 0.0220146
72 0.0666354 0.048073
84 0.0901052 0.0695943
95 0.11355 0.0935062
119 0.18072 0.160552
145 0.283586 0.25798
160 0.353321 0.326732
171 0.405455 0.383261
199 0.570464 0.551507
201 0.588244 0.564903
227 0.765569 0.756425
255 1 1

### Quality section (deltaE) ###
dE2000 mean = 0.403048
dE2000 max  = 1.11836 at RGB = (0 0 0)

R	G	B	dE2000
116	82	68	0.721965
215	122	45	0.416844
49	61	153	0.950349
246	243	237	0.445399
196	151	132	0.236636
72	93	167	0.271132
72	149	68	0.203047
201	202	201	0.312264
94	123	157	0.519359
195	87	101	0.118716
173	46	58	0.558687
160	161	161	0.283918
93	109	66	0.623819
90	60	107	1.07465
234	196	30	0.252531
121	123	122	0.306354
131	129	176	0.0660523
160	185	63	0.197759
186	84	150	0.188746
84	85	85	0.296282
98	189	167	0.173088
227	159	47	0.402632
0	134	163	0.167911
52	52	53	0.431361
0	0	0	1.11836
30	29	29	0.384856
49	50	49	0.41002
72	72	72	0.676842
95	95	95	0.352
119	119	119	0.311945
145	145	145	0.386876
171	171	171	0.273934
199	199	199	0.261877
227	227	227	0.307434
255	255	255	0
--------------------
255	0	0	0.484186
0	255	0	0.165645
0	0	255	0.36182

  R    G    B      X         Y         Z         Y         x         y              
  116   82   68   17.8384   16.1958   11.2259   16.1958  0.394131  0.357838         
  215  122   45   56.5896    45.484   10.0051    45.484   0.50491  0.405822         
   49   61  153   14.0016   10.3419    49.694   10.3419  0.189115  0.139684         
  246  243  237   137.051   144.343   149.785   144.343  0.317852  0.334764         
  196  151  132   60.9697   57.0641    43.059   57.0641  0.378476  0.354231         
   72   93  167   21.7594   19.2179   61.0778   19.2179  0.213212  0.188309         
   72  149   68   23.1489   37.3045   14.8177   37.3045   0.30754  0.495602         
  201  202  201   89.3404      94.4   102.261      94.4  0.312378  0.330069         
   94  123  157   28.3188   30.0462   55.5659   30.0462  0.248561  0.263723         
  195   87  101   45.1201   30.8711   23.1886   30.8711  0.454932  0.311264         
  173   46   58   30.2547   17.8326   8.51276   17.8326  0.534535  0.315063         
  160  161  161   53.7021   56.7001   62.1504   56.7001  0.311221  0.328596         
   93  109   66   17.4858   21.6518   11.8351   21.6518  0.343041  0.424773         
   90   60  107   13.6304   10.6078   23.4366   10.6078  0.285904  0.222504         
  234  196   30   86.2365   91.3149    15.275   91.3149  0.447223   0.47356         
  121  123  122   29.1694    31.005   33.7169    31.005  0.310672  0.330222         
  131  129  176   40.0972   37.8422   71.0292   37.8422  0.269165  0.254028         
  160  185   63   52.3723   68.1661   17.9334   68.1661  0.378217  0.492274         
  186   84  150   46.2911   30.3228   50.0079   30.3228  0.365585  0.239475         
   84   85   85   13.6585   14.4599   15.8167   14.4599  0.310879  0.329119         
   98  189  167   48.1309   66.8531   68.9314   66.8531  0.261701  0.363499         
  227  159   47   71.8464   66.2642    13.534   66.2642  0.473782   0.43697         
    0  134  163    24.347   31.6077   60.2449   31.6077  0.209527  0.272012         
   52   52   53    5.1818   5.44667   6.09823   5.44667  0.309792  0.325627         
    0    0    0  0.130625  0.116279  0.212205  0.116279  0.284518  0.253272         
   30   29   29   1.74535   1.82187   2.00098   1.82187   0.31345  0.327192         
   49   50   49    4.5767   4.89244   5.20273   4.89244  0.311937  0.333457         
   72   72   72   10.1572   10.6935   11.6175   10.6935  0.312836  0.329353         
   95   95   95   17.2905   18.2223   19.8387   18.2223  0.312377  0.329211         
  119  119  119   27.5607   29.0016   31.6904   29.0016  0.312293   0.32862         
  145  145  145   43.2145   45.5093   49.7805   45.5093  0.312009  0.328577         
  171  171  171   61.8067   65.0665   71.0062   65.0665  0.312345  0.328819         
  199  199  199   86.9973   91.5467   99.9704   91.5467  0.312362  0.328697         
  227  227  227   116.729   122.857   134.097   122.857  0.312374  0.328773         
  255  255  255   152.672   160.478   174.929   160.478  0.312802  0.328794         
  255    0    0   65.8968   33.8874   2.84336   33.8874  0.642097  0.330198         
    0  255    0   57.2842   115.034   19.2372   115.034  0.299048  0.600526         
    0    0  255   28.7511   11.3022   153.184   11.3022  0.148787 0.0584886         
