Application	Display Factory Calibration Tool 2.26.15
Date	2030-02-02 11:45:35
DisplayManufacturerId	TMA
DisplayProductCode	2039
DisplaySerialNumber	
ComputerSerialNumber	INVALID
ComputerName	INVALID
Type	 Quality report
Initial Path Set	11
Iterative Grid Points	4

ProfileName	DCIP3
Whitepoint	D65
Gamma	2.6
Target Luminosity	162.28
Internal LUTs	false
Contrast Ratio	0
MHC2 Profile	true

RGB Normalized Target
0 0.000724722 0
46 0.0113835 0.0116457
66 0.030453 0.0297721
69 0.0344203 0.0334197
88 0.0665709 0.0629
99 0.0890778 0.0854372
110 0.11347 0.112361
133 0.182706 0.184081
135 0.192583 0.191365
156 0.280874 0.278689
171 0.353377 0.353822
181 0.41044 0.410166
205 0.566492 0.566964
208 0.587999 0.58879
230 0.762802 0.764694
255 1 1

### Quality section (deltaE) ###
dE2000 mean = 0.36491
dE2000 max  = 1.12931 at RGB = (0 0 0)

R	G	B	dE2000
125	99	86	0.690961
209	139	80	0.591087
68	77	159	0.857437
247	245	240	0.343587
196	164	147	0.204612
92	108	172	0.114932
107	158	93	0.291071
208	208	207	0.134605
115	135	165	0.498929
190	109	117	0.149961
170	73	78	0.665915
171	171	171	0.104619
111	123	87	0.533671
101	78	118	1.11054
231	204	89	0.272353
135	136	135	0.308578
144	142	181	0.0290554
174	192	98	0.23796
183	105	158	0.149648
99	100	100	0.357403
134	194	178	0.175463
221	172	88	0.409693
52	144	170	0.223011
69	69	70	0.261373
0	0	0	1.12931
46	45	46	0.422935
66	66	66	0.139173
88	88	88	0.733819
110	110	110	0.416418
133	133	133	0.29925
156	156	156	0.202881
181	181	181	0.125694
205	205	205	0.155842
230	230	230	0.0651537
255	255	255	0
--------------------
255	0	0	0.272376
0	255	0	0.384267
0	0	255	1.63124

  R    G    B      X         Y         Z         Y         x         y              
  125   99   86   17.8103   16.1721   11.0957   16.1721  0.395099  0.358758         
  209  139   80   56.8782   45.4385   10.2842   45.4385  0.505131  0.403536         
   68   77  159   13.8972   10.2086   49.8076   10.2086   0.18802  0.138115         
  247  245  240   137.541   144.907   149.967   144.907  0.318077  0.335111         
  196  164  147   60.5454    56.903   42.7976    56.903  0.377828  0.355098         
   92  108  172   21.6149   19.1399   60.9447   19.1399  0.212537  0.188201         
  107  158   93   22.9512   36.9477    14.742   36.9477  0.307488  0.495006         
  208  208  207   89.4305   94.2391   101.652   94.2391  0.313438  0.330291         
  115  135  165   28.2218   29.7933   55.7154   29.7933  0.248146  0.261964         
  190  109  117   45.2434   31.0638   23.0682   31.0638  0.455277  0.312591         
  170   73   78   30.3859   17.8904   8.58302   17.8904  0.534405  0.314643         
  171  171  171   53.8483    56.636   61.8282    56.636  0.312504  0.328682         
  111  123   87   17.4359   21.7024   11.8166   21.7024  0.342183  0.425914         
  101   78  118   13.5115    10.603   23.0376    10.603  0.286551  0.224868         
  231  204   89   86.0668   91.1841   15.4778   91.1841   0.44657  0.473121         
  135  136  135   29.0896   30.8655   33.3333   30.8655  0.311825  0.330861         
  144  142  181   40.0786   37.8183   70.2604   37.8183  0.270514  0.255258         
  174  192   98   52.0315   67.9475   17.8193   67.9475  0.377592  0.493094         
  183  105  158   46.4455   30.3253   49.4233   30.3253  0.368048  0.240307         
   99  100  100    13.449   14.2766   15.6159   14.2766  0.310304  0.329397         
  134  194  178     47.95   66.3525   69.4352   66.3525   0.26097  0.361126         
  221  172   88   71.5109   66.1921   13.7527   66.1921  0.472157  0.437039         
   52  144  170   21.7806   30.0503   59.9459   30.0503  0.194858  0.268842         
   69   69   70   5.26276   5.51656   6.23111   5.51656  0.309384  0.324305         
    0    0    0  0.130559  0.116152  0.213217  0.116152  0.283869  0.252543         
   46   45   46   1.75025   1.82444   2.05925   1.82444  0.310662   0.32383         
   66   66   66   4.64035   4.88073   5.30261   4.88073  0.313036  0.329252         
   88   88   88   10.1158   10.6694   11.5806   10.6694  0.312546   0.32965         
  110  110  110   17.2459    18.186   19.7012    18.186  0.312804  0.329856         
  133  133  133   27.8132   29.2824   31.9576   29.2824  0.312322  0.328819         
  156  156  156   42.8233   45.0159   49.1936   45.0159  0.312504  0.328505         
  181  181  181    62.533   65.7815   71.8078   65.7815  0.312474  0.328706         
  205  205  205   86.3435   90.7921   99.1645   90.7921  0.312499    0.3286         
  230  230  230   116.262   122.255   133.264   122.255  0.312717  0.328836         
  255  255  255   152.419   160.271   174.611   160.271  0.312782  0.328895         
  255    0    0   78.4763   37.0655  0.343749   37.0655  0.677188  0.319846         
    0  255    0   43.0477   111.219   8.01923   111.219  0.265259  0.685327         
    0    0  255   30.3595   11.3397   166.855   11.3397  0.145572 0.0543731         
